93 88 86 64 62 58 48 40 34 23 18 15 
95 90 87 86 85 83 66 52 49 48 44 40 38 33 33 28 21 18 14 10 
88 73 70 69 63 61 59 57 56 53 52 51 28 24 24 23 12 
97 91 86 84 82 80 77 74 68 59 59 49 39 34 33 27 25 21 17 12 
94 92 83 82 82 78 71 67 58 53 51 49 48 44 33 21 18 14 
95 94 91 80 78 77 77 72 72 67 65 63 61 53 43 42 36 32 32 20 19 
93 92 85 78 77 76 68 56 50 47 43 43 30 25 22 21 16 14 13 11 
86 77 76 72 69 48 48 42 36 31 23 17 15 
94 94 89 87 76 75 75 66 66 50 41 34 25 21 16 12 
98 95 94 89 83 76 69 60 59 59 55 51 51 46 32 29 27 20 16 14 
98 95 94 92 85 85 80 77 74 74 67 66 64 63 62 51 45 37 32 29 28 20 10 
95 93 88 87 87 87 72 68 66 64 57 57 55 47 46 45 36 31 25 24 14 
92 91 82 79 75 70 65 62 62 53 49 47 47 44 43 43 35 26 26 15 
90 88 87 73 63 57 55 54 53 53 43 41 40 38 29 26 25 24 19 18 13 
97 93 80 79 77 75 59 54 52 51 49 35 35 33 31 28 28 23 16 12 
95 91 77 76 55 54 43 
averageRunLength = 18
the file is sorted: True
Max run length: 23
Min run length: 7
total Runs: 16
total items: 289