92 89 87 85 82 79 75 59 59 58 53 50 37 25 25 23 22 22 20 17 15 14 11 11 
96 89 82 82 80 71 71 70 68 53 51 48 44 44 40 37 37 33 27 27 24 23 11 
98 89 88 81 74 73 71 71 69 65 64 64 60 57 54 44 37 25 24 24 21 21 18 18 
98 89 87 85 84 78 71 66 65 63 60 42 40 28 27 27 26 22 22 21 16 
97 95 93 81 78 66 63 56 53 52 43 42 42 37 34 34 22 21 14 12 12 
89 89 87 87 75 71 68 68 62 55 54 48 40 37 37 19 15 10 
88 87 84 81 77 71 56 53 52 40 40 34 33 22 18 16 10 
97 92 68 67 67 62 59 58 58 44 34 33 33 25 17 15 12 
82 82 79 78 74 72 71 70 57 51 51 33 26 25 23 19 16 13 
96 96 94 93 91 91 90 89 89 70 68 65 64 63 62 53 39 31 30 26 23 12 
97 96 94 87 79 66 51 
averageRunLength = 19
the file is sorted: True
Max run length: 24
Min run length: 7
total Runs: 11
total items: 212