58 
87 25 85 53 37 
14 59 92 82 89 
23 79 75 59 20 
25 11 17 22 50 
15 71 22 80 40 
11 70 44 48 37 
89 33 96 82 23 
82 71 68 27 44 
53 51 24 81 37 
27 64 98 11 57 
73 64 71 89 88 
44 74 65 25 18 
60 21 71 69 54 
24 21 71 65 66 
37 24 84 98 18 
40 85 27 78 89 
22 87 63 27 60 
21 81 16 42 28 
26 97 53 93 52 
42 95 22 66 63 
56 22 21 78 34 
14 37 89 42 12 
43 89 68 87 87 
34 68 75 48 71 
12 19 40 37 54 
37 88 84 55 62 
87 10 81 52 71 
15 40 34 56 40 
77 92 33 18 53 
97 10 22 16 44 
59 67 34 68 62 
17 67 58 33 15 
58 25 70 33 78 
74 12 79 57 82 
33 71 19 51 82 
26 96 93 72 91 
16 25 13 51 94 
96 90 23 39 89 
31 26 68 30 89 
70 91 23 97 64 
53 65 63 87 62 
66 12 94 79 51 
96 