12 13 16 19 20 24 30 32 33 35 39 42 43 48 51 52 53 55 55 60 62 70 73 82 86 86 90 92 97 
10 18 18 18 19 19 20 20 22 24 28 29 29 32 34 44 47 49 53 55 55 55 55 61 69 73 74 78 82 83 84 86 89 91 92 95 
10 11 15 19 21 24 25 26 37 46 47 49 50 64 65 65 66 67 76 78 80 83 84 86 92 93 95 
11 26 34 34 36 42 51 54 54 58 62 62 62 71 71 72 73 76 79 83 84 86 86 86 97 
11 14 15 21 22 25 27 28 31 31 41 42 46 55 60 64 66 

averageRunLength = 26
the file is sorted: True
Max run length: 36
Min run length: 17
total Runs: 5
total items: 134